# port node ch pedestal rms
0 0 0 1200. 3.
0 0 1  1200. 3.
0 0 2  1200. 3.
0 0 3  1200. 3.
0 0 4  1200. 3.
0 0 5  1200. 3.
0 0 6  1200. 3.
0 0 7  1200. 3.
0 0 8  1200. 3.
0 0 9  1200. 3.
0 0 10  1200. 3.
0 0 11  1200. 3.
0 0 12  1200. 3.
0 0 13  1200. 3.
0 0 14  1200. 3.
0 0 15  1200. 3.
1 0 0  1200. 3.
1 0 1  1200. 3.
1 0 2  1200. 3.
1 0 3  1200. 3.
1 0 4  1200. 3.
1 0 5  1200. 3.
1 0 6  1200. 3.
1 0 7  1200. 3.
1 0 8  1200. 3.
1 0 9  1200. 3.
1 0 10  1200. 3.
1 0 11  1200. 3.
1 0 12  1200. 3.
1 0 13  1200. 3.
1 0 14  1200. 3.
1 0 15  1200. 3.
2 0 0  1200. 3.
2 0 1  1200. 3.
2 0 2  1200. 3.
2 0 3  1200. 3.
2 0 4  1200. 3.
2 0 5  1200. 3.
2 0 6  1200. 3.
2 0 7  1200. 3.
2 0 8  1200. 3.
2 0 9  1200. 3.
2 0 10  1200. 3.
2 0 11  1200. 3.
2 0 12  1200. 3.
2 0 13  1200. 3.
2 0 14  1200. 3.
2 0 15  1200. 3.
3 0 0  1200. 3.
3 0 1  1200. 3.
3 0 2  1200. 3.
3 0 3  1200. 3.
3 0 4  1200. 3.
3 0 5  1200. 3.
3 0 6  1200. 3.
3 0 7  1200. 3.
3 0 8  1200. 3.
3 0 9  1200. 3.
3 0 10  1200. 3.
3 0 11  1200. 3.
3 0 12  1200. 3.
3 0 13  1200. 3.
3 0 14  1200. 3.
3 0 15  1200. 3.
