0 0 0 15000. 3.
0 0 1  15000. 3.
0 0 2  15000. 3.
0 0 3  15000. 3.
0 0 4  15000. 3.
0 0 5  15000. 3.
0 0 6  15000. 3.
0 0 7  15000. 3.
0 0 8  15000. 3.
0 0 9  15000. 3.
0 0 10  15000. 3.
0 0 11  15000. 3.
0 0 12  15000. 3.
0 0 13  15000. 3.
0 0 14  15000. 3.
0 0 15  15000. 3.
1 0 0  15000. 3.
1 0 1  15000. 3.
1 0 2  15000. 3.
1 0 3  15000. 3.
1 0 4  15000. 3.
1 0 5  15000. 3.
1 0 6  15000. 3.
1 0 7  15000. 3.
1 0 8  15000. 3.
1 0 9  15000. 3.
1 0 10  15000. 3.
1 0 11  15000. 3.
1 0 12  15000. 3.
1 0 13  15000. 3.
1 0 14  15000. 3.
1 0 15  15000. 3.
2 0 0  15000. 3.
2 0 1  15000. 3.
2 0 2  15000. 3.
2 0 3  15000. 3.
2 0 4  15000. 3.
2 0 5  15000. 3.
2 0 6  15000. 3.
2 0 7  15000. 3.
2 0 8  15000. 3.
2 0 9  15000. 3.
2 0 10  15000. 3.
2 0 11  15000. 3.
2 0 12  15000. 3.
2 0 13  15000. 3.
2 0 14  15000. 3.
2 0 15  15000. 3.
3 0 0  15000. 3.
3 0 1  15000. 3.
3 0 2  15000. 3.
3 0 3  15000. 3.
3 0 4  15000. 3.
3 0 5  15000. 3.
3 0 6  15000. 3.
3 0 7  15000. 3.
3 0 8  15000. 3.
3 0 9  15000. 3.
3 0 10  15000. 3.
3 0 11  15000. 3.
3 0 12  15000. 3.
3 0 13  15000. 3.
3 0 14  15000. 3.
3 0 15  15000. 3.
